4 -38 107 -39 106 -37 108
6 -103 -78 -106 -79 -102 -78
4 -21 112 -20 110 -22 113
6 -116 -60 -117 -59 -115 -61
4 -4 115 -6 113 -2 115
6 -124 -39 -127 -39 -122 -39
4 14 115 12 112 16 116
6 -128 -18 -130 -19 -126 -17
4 32 110 30 109 33 110
6 -129 4 -130 3 -127 4
4 48 103 47 102 49 104
6 -126 27 -128 26 -126 27
4 64 94 63 92 65 95
6 -120 48 -121 46 -119 49
4 78 82 77 80 79 84
6 -109 68 -110 67 -108 69
4 90 68 88 67 91 69
6 -96 86 -97 86 -96 86
4 97 52 97 51 97 52
6 -78 102 -81 102 -77 102
4 103 34 101 33 105 35
6 -60 113 -61 113 -58 113
4 104 15 104 14 104 16
6 -39 122 -40 121 -38 123
4 102 -2 102 -3 101 0
6 -16 128 -18 126 -15 130
4 98 -20 96 -21 100 -19
6 7 129 6 127 8 130
4 92 -35 91 -36 93 -34
6 30 126 29 125 31 127
4 83 -50 81 -51 84 -49
6 49 119 48 121 50 118
4 72 -64 70 -65 73 -63
6 70 109 68 108 71 109
4 57 -75 56 -78 57 -74
6 89 94 87 92 90 95
4 42 -82 39 -84 43 -82
6 105 77 103 75 107 78
4 24 -89 22 -91 25 -88
6 118 60 115 58 120 61
4 5 -91 4 -92 6 -90
6 127 36 126 35 127 36
4 -11 -91 -13 -92 -10 -90
6 131 15 129 14 132 15
4 -29 -86 -32 -88 -27 -85
6 131 -6 130 -7 132 -5
4 -46 -80 -48 -81 -44 -79
6 128 -30 127 -30 129 -29
4 -42 -79 -40 -86 -43 -75
6 124 -50 126 -43 123 -55
4 -27 -83 -28 -86 -27 -81
6 129 -34 132 -32 128 -35
4 -12 -84 -16 -86 -10 -83
6 133 -9 137 -9 130 -10
4 4 -84 1 -86 7 -83
6 131 10 135 11 128 9
4 23 -83 16 -84 27 -82
6 126 33 130 32 124 33
4 40 -76 36 -77 43 -75
6 118 54 122 53 116 54
4 55 -68 50 -68 58 -68
6 106 74 109 73 103 74
4 69 -56 65 -57 71 -56
6 90 89 96 90 87 87
4 81 -43 77 -44 83 -42
6 71 101 75 101 68 101
4 90 -28 86 -29 92 -28
6 50 113 55 111 47 114
4 96 -11 92 -12 99 -11
6 28 120 33 120 25 120
4 98 6 95 5 100 6
6 5 122 9 121 3 122
4 100 24 95 22 102 25
6 -17 120 -12 121 -21 119
4 99 41 92 40 102 41
6 -40 114 -35 114 -43 115
4 93 57 89 56 96 58
6 -60 106 -56 106 -62 105
4 85 76 80 73 88 77
6 -80 91 -76 91 -82 91
4 74 89 69 88 77 90
6 -96 76 -91 75 -99 77
4 60 101 56 100 62 101
6 -109 59 -105 58 -111 59
4 44 110 41 109 47 111
6 -119 39 -115 38 -121 39
4 26 118 22 116 28 119
6 -125 15 -122 14 -127 15
4 8 121 4 120 10 122
6 -125 -5 -122 -5 -127 -5
4 -9 120 -13 120 -6 120
6 -124 -28 -121 -28 -125 -28
4 -29 117 -33 116 -27 117
6 -119 -51 -113 -51 -122 -51
4 -46 111 -51 109 -43 112
6 -109 -70 -106 -71 -110 -69
4 -61 101 -66 100 -58 102
6 -96 -88 -92 -88 -98 -88
4 -54 98 -52 103 -55 96
6 -86 -97 -87 -99 -86 -96
4 -41 107 -41 105 -41 108
6 -102 -79 -105 -80 -101 -78
4 -21 112 -22 111 -20 113
6 -113 -58 -117 -59 -111 -58
4 -4 114 -6 113 -3 114
6 -122 -39 -123 -40 -122 -38
4 13 113 11 112 14 114
6 -126 -17 -129 -18 -124 -17
4 31 110 29 108 32 111
6 -127 4 -130 4 -125 4
4 47 103 46 102 48 104
6 -125 27 -126 25 -124 28
4 61 93 61 92 62 94
6 -119 49 -120 47 -118 49
4 76 82 74 79 78 84
6 -108 70 -110 70 -106 70
4 87 68 86 67 89 69
6 -96 86 -96 86 -96 86
4 94 52 94 52 94 52
6 -78 101 -81 100 -76 102
4 100 34 98 33 101 34
6 -60 115 -60 114 -59 116
4 102 16 101 14 103 17
6 -39 124 -41 124 -38 125
4 101 -1 100 -4 102 0
6 -16 129 -18 129 -15 130
4 97 -18 96 -19 98 -18
6 6 130 4 130 7 130
4 91 -34 89 -35 93 -33
6 29 128 26 127 31 129
4 81 -49 80 -52 82 -48
6 51 120 50 120 52 120
4 70 -61 68 -65 71 -60
6 71 111 69 109 72 111
4 55 -72 53 -73 56 -72
6 89 97 87 95 90 97
4 40 -80 38 -82 41 -79
6 105 81 102 80 107 82
4 24 -86 22 -89 26 -85
6 117 61 116 60 117 62
4 6 -89 4 -90 7 -88
6 125 40 124 39 126 41
4 -10 -88 -12 -90 -9 -87
6 130 18 128 17 131 19
4 -28 -84 -30 -86 -27 -83
6 130 -3 129 -4 130 -3
4 -44 -78 -46 -80 -43 -77
6 128 -27 126 -28 130 -26
4 -44 -74 -43 -77 -45 -71
6 122 -53 123 -53 121 -53
4 -30 -78 -32 -80 -29 -77
6 129 -35 131 -33 127 -36
4 -16 -83 -18 -84 -15 -82
6 132 -13 136 -11 130 -14
4 0 -83 -3 -83 2 -82
6 131 6 135 8 128 5
4 18 -82 12 -84 21 -81
6 127 28 130 29 125 28
4 35 -76 30 -78 38 -74
6 120 49 122 48 118 50
4 51 -67 46 -68 53 -67
6 110 70 113 70 107 70
4 64 -57 60 -58 67 -56
6 94 88 98 87 92 88
4 75 -44 72 -46 77 -43
6 75 101 80 103 72 100
4 85 -31 80 -30 88 -31
6 56 113 60 112 54 113
4 93 -16 88 -16 96 -16
6 35 120 39 120 32 119
4 97 1 93 0 99 2
6 11 123 14 122 8 123
4 98 18 94 17 101 19
6 -12 123 -8 123 -15 123
4 97 36 91 35 101 37
6 -33 118 -30 118 -36 117
4 94 53 89 52 97 53
6 -55 109 -51 109 -58 109
4 85 71 80 67 88 73
6 -74 95 -72 96 -75 94
4 76 86 70 85 79 87
6 -91 82 -86 81 -94 83
4 63 98 58 97 66 99
6 -105 63 -103 62 -106 63
4 47 109 42 107 49 110
6 -115 43 -112 42 -117 44
4 28 117 25 113 31 119
6 -121 23 -119 23 -123 24
4 12 122 7 122 15 122
6 -124 1 -122 0 -125 1
4 -6 119 -10 120 -3 118
6 -123 -21 -120 -22 -126 -21
4 -25 117 -29 116 -22 118
6 -120 -43 -116 -42 -123 -43
4 -42 113 -46 111 -39 114
6 -111 -65 -109 -65 -113 -65
4 -59 105 -63 104 -57 106
6 -99 -83 -96 -85 -101 -82
4 -55 102 -56 108 -55 98
6 -86 -96 -86 -104 -86 -91
4 -41 108 -42 109 -41 107
6 -101 -76 -105 -79 -98 -75
4 -22 112 -24 112 -21 112
6 -114 -56 -116 -56 -112 -56
4 -6 114 -7 113 -5 114
6 -121 -38 -123 -40 -120 -37
4 11 114 10 112 12 115
6 -126 -15 -128 -16 -125 -15
4 29 110 27 108 31 111
6 -125 6 -129 5 -123 7
4 46 103 44 102 47 104
6 -125 27 -126 27 -124 27
4 62 94 60 92 63 96
6 -118 49 -119 47 -117 51
4 75 82 75 79 76 83
6 -107 70 -109 69 -106 70
4 85 68 84 67 86 69
6 -96 86 -97 87 -96 86
4 93 52 93 50 93 53
6 -80 102 -81 101 -80 103
4 99 36 97 35 100 36
6 -60 114 -63 114 -59 114
4 100 20 100 18 100 21
6 -41 123 -43 122 -40 124
4 99 1 99 0 99 2
6 -19 130 -20 128 -18 131
4 96 -15 94 -16 97 -14
6 2 131 0 132 3 130
4 90 -32 88 -32 91 -31
6 26 130 23 127 28 131
4 80 -46 79 -49 81 -45
6 47 123 46 123 48 123
4 70 -58 68 -60 71 -56
6 69 113 67 111 70 115
4 55 -69 54 -71 56 -68
6 86 100 84 100 87 100
4 41 -77 39 -79 42 -76
6 101 84 100 82 102 85
4 26 -83 23 -85 27 -82
6 115 63 113 62 116 64
4 7 -87 6 -89 8 -86
6 124 43 122 42 125 44
4 -10 -86 -12 -89 -8 -85
6 129 22 127 21 130 23
4 -27 -82 -29 -84 -26 -81
6 130 0 128 0 130 0
4 -43 -77 -45 -79 -42 -76
6 126 -22 126 -23 127 -21
4 -47 -69 -46 -71 -47 -68
6 121 -49 121 -52 122 -47
4 -32 -75 -36 -77 -30 -73
6 127 -32 129 -28 126 -35
4 -17 -78 -21 -80 -14 -77
6 130 -11 133 -10 128 -11
4 -3 -78 -7 -80 0 -77
6 130 7 132 8 128 6
4 14 -76 9 -80 17 -75
6 126 28 128 29 125 28
4 31 -73 25 -74 34 -73
6 119 51 122 51 117 52
4 46 -65 41 -67 49 -64
6 108 70 109 69 107 71
4 59 -55 55 -56 62 -54
6 93 88 97 89 90 87
4 72 -43 67 -44 74 -42
6 75 103 78 102 73 104
4 81 -29 76 -30 85 -29
6 56 115 58 114 54 115
4 88 -14 84 -15 91 -14
6 35 121 37 122 33 121
4 93 0 88 0 96 1
6 11 125 14 124 10 125
4 96 19 90 16 99 21
6 -10 124 -7 125 -12 123
4 95 36 89 35 99 37
6 -33 118 -30 118 -34 117
4 90 52 85 51 93 53
6 -55 111 -52 109 -57 112
4 83 71 76 70 87 72
6 -73 98 -71 99 -75 98
4 74 84 69 83 78 85
6 -88 85 -86 85 -89 85
4 63 96 58 94 65 97
6 -102 67 -101 66 -103 67
4 47 107 43 106 50 107
6 -114 49 -111 48 -115 49
4 32 115 26 113 35 117
6 -121 26 -118 27 -123 26
4 14 118 10 119 16 117
6 -123 4 -122 4 -123 4
4 -5 120 -9 118 -2 120
6 -121 -17 -120 -17 -122 -17
4 -23 116 -28 115 -21 117
6 -119 -38 -115 -38 -122 -37
4 -42 114 -46 110 -40 116
6 -111 -59 -109 -59 -113 -59
4 -56 106 -62 104 -52 106
6 -100 -76 -98 -79 -100 -75
4 -55 103 -57 111 -54 98
6 -86 -94 -85 -100 -87 -90
4 -42 108 -43 110 -41 107
6 -99 -77 -103 -79 -96 -75
4 -24 112 -25 112 -24 112
6 -111 -58 -114 -58 -109 -58
4 -7 114 -9 113 -6 114
6 -119 -39 -122 -39 -117 -38
4 9 113 8 112 10 114
6 -124 -15 -127 -16 -122 -14
4 26 110 24 109 27 111
6 -124 6 -127 5 -122 6
4 43 104 41 102 44 106
6 -123 26 -123 25 -122 27
4 59 96 57 94 61 97
6 -116 49 -118 48 -115 50
4 72 83 71 82 72 84
6 -108 68 -109 67 -107 68
4 82 68 81 68 82 69
6 -97 85 -97 85 -96 85
4 89 54 89 52 90 55
6 -81 100 -82 99 -80 100
4 95 38 93 35 97 39
6 -61 114 -64 113 -59 114
4 97 21 97 19 98 23
6 -41 122 -43 121 -40 122
4 96 3 96 2 96 4
6 -20 128 -21 125 -19 129
4 93 -13 91 -14 95 -13
6 2 130 0 129 3 130
4 86 -29 85 -30 87 -28
6 24 129 22 128 26 130
4 78 -41 76 -43 79 -40
6 46 121 46 120 46 122
4 66 -54 65 -56 67 -52
6 66 113 63 113 68 114
4 54 -66 52 -68 55 -64
6 86 99 83 98 87 100
4 40 -73 38 -75 41 -72
6 101 84 99 83 102 84
4 25 -77 23 -80 26 -76
6 114 65 112 63 115 65
4 7 -81 5 -83 8 -80
6 122 45 121 44 122 46
4 -8 -80 -10 -82 -7 -79
6 127 22 126 21 128 23
4 -25 -77 -27 -80 -24 -76
6 128 1 127 1 128 2
4 -41 -72 -43 -73 -40 -71
6 126 -19 124 -21 127 -18
4 -48 -63 -48 -65 -48 -62
6 120 -45 120 -48 121 -43
4 -35 -68 -38 -71 -33 -67
6 124 -34 127 -28 123 -38
4 -21 -72 -26 -74 -18 -71
6 129 -11 131 -9 128 -12
4 -5 -74 -11 -77 -2 -71
6 129 5 131 6 128 5
4 10 -72 4 -73 13 -71
6 126 28 128 29 125 28
4 27 -69 19 -70 31 -69
6 120 49 122 50 119 49
4 40 -62 36 -64 42 -61
6 109 69 111 69 108 69
4 54 -53 49 -54 58 -53
6 96 86 98 86 95 86
4 66 -42 61 -44 69 -42
6 78 100 82 101 76 100
4 77 -30 71 -32 80 -29
6 58 113 60 111 57 114
4 84 -16 78 -18 88 -15
6 39 121 40 121 38 122
4 89 0 84 0 92 0
6 16 123 17 124 15 123
4 92 17 86 15 96 18
6 -7 125 -3 124 -10 125
4 91 34 85 32 95 35
6 -30 120 -27 122 -32 119
4 88 50 82 49 92 51
6 -51 112 -49 113 -52 112
4 82 65 77 64 85 66
6 -69 103 -67 102 -71 104
4 74 81 67 77 79 83
6 -86 88 -84 89 -87 87
4 62 94 56 93 66 95
6 -100 69 -99 69 -101 70
4 47 103 43 103 50 104
6 -110 51 -109 51 -111 51
4 32 112 27 111 35 113
6 -119 32 -116 31 -121 33
4 15 117 9 114 18 119
6 -122 9 -121 9 -123 9
4 -1 118 -7 117 1 118
6 -122 -12 -121 -11 -123 -13
4 -19 116 -23 114 -16 117
6 -118 -33 -117 -33 -119 -32
4 -37 114 -42 111 -34 115
6 -111 -55 -109 -55 -113 -55
4 -52 106 -58 104 -47 107
6 -101 -73 -98 -74 -102 -72
4 -56 102 -58 109 -55 98
6 -87 -90 -86 -97 -88 -86
4 -42 108 -44 109 -41 107
6 -97 -75 -102 -76 -95 -74
4 -25 112 -25 112 -25 112
6 -109 -58 -111 -58 -107 -59
4 -8 114 -10 113 -7 114
6 -118 -37 -121 -38 -117 -37
4 7 113 6 112 8 114
6 -123 -17 -126 -18 -121 -17
4 24 109 23 109 25 110
6 -124 4 -127 3 -122 5
4 40 103 39 101 41 104
6 -122 24 -124 23 -121 25
4 55 96 53 94 56 97
6 -118 47 -119 45 -118 48
4 68 83 67 82 68 83
6 -109 68 -111 68 -107 68
4 78 70 76 69 79 71
6 -97 85 -98 85 -96 85
4 86 56 84 56 87 57
6 -83 100 -84 99 -83 100
4 93 39 92 36 94 41
6 -64 115 -66 112 -64 116
4 94 23 94 21 94 25
6 -45 124 -47 123 -43 125
4 92 7 92 6 92 8
6 -23 131 -25 128 -22 133
4 89 -8 88 -10 89 -6
6 -1 133 -3 133 0 132
4 83 -23 81 -25 85 -22
6 22 131 19 130 24 132
4 74 -38 74 -39 75 -37
6 43 124 43 123 44 125
4 64 -48 63 -51 65 -47
6 63 117 61 115 64 118
4 51 -59 49 -61 52 -57
6 81 105 80 103 82 106
4 37 -66 35 -68 39 -65
6 97 91 95 90 99 91
4 24 -71 21 -74 25 -70
6 112 71 110 70 113 72
4 8 -74 6 -76 9 -72
6 120 50 120 50 120 50
4 -9 -74 -10 -76 -8 -73
6 126 29 124 28 127 30
4 -23 -71 -27 -73 -21 -69
6 128 8 127 6 128 8
4 -38 -66 -41 -67 -37 -66
6 125 -14 123 -16 127 -14
4 -50 -59 -49 -61 -50 -58
6 121 -37 120 -39 122 -35
4 -38 -64 -42 -67 -36 -62
6 124 -32 126 -20 122 -39
4 -25 -66 -31 -69 -22 -65
6 128 -13 130 -9 127 -15
4 -10 -68 -15 -71 -6 -66
6 128 3 129 4 127 3
4 4 -67 -1 -70 8 -65
6 126 27 127 26 125 27
4 19 -66 13 -67 23 -65
6 120 47 121 47 119 47
4 34 -58 28 -61 37 -57
6 110 68 111 68 109 68
4 47 -52 41 -54 51 -51
6 96 85 98 85 96 85
4 60 -41 54 -43 64 -40
6 80 100 82 101 79 100
4 69 -30 64 -31 73 -29
6 61 112 63 112 60 112
4 78 -16 71 -17 82 -16
6 40 121 41 121 40 121
4 84 -2 77 -3 88 -1
6 19 126 20 125 18 126
4 87 14 81 12 91 15
6 -4 126 -1 126 -5 125
4 88 30 81 27 93 32
6 -26 124 -24 124 -28 124
4 86 47 80 45 89 48
6 -48 117 -46 117 -49 117
4 80 63 74 61 84 64
6 -67 106 -66 106 -67 106
4 72 76 66 75 75 76
6 -84 92 -83 92 -85 92
4 61 89 55 86 65 91
6 -99 73 -99 74 -99 73
4 48 101 42 98 51 102
6 -109 57 -108 57 -109 57
4 33 108 28 107 37 109
6 -117 36 -116 35 -118 37
4 17 114 12 111 21 116
6 -121 14 -120 14 -122 14
4 0 116 -5 115 3 117
6 -122 -6 -121 -6 -122 -6
4 -16 116 -21 115 -12 117
6 -118 -28 -117 -28 -119 -28
4 -33 113 -39 109 -29 115
6 -112 -50 -111 -51 -113 -50
4 -50 107 -55 105 -46 108
6 -101 -67 -100 -68 -101 -66
4 -58 102 -61 106 -56 99
6 -89 -86 -87 -88 -90 -84
4 -42 106 -43 108 -41 105
6 -95 -73 -100 -74 -92 -72
4 -26 110 -27 110 -25 110
6 -106 -56 -109 -56 -104 -57
4 -9 112 -11 111 -8 112
6 -116 -37 -117 -39 -115 -36
4 7 110 6 109 8 110
6 -121 -16 -124 -17 -120 -15
4 22 109 20 106 23 110
6 -124 4 -126 4 -122 4
4 38 102 37 100 39 103
6 -122 24 -124 24 -121 25
4 52 93 51 92 53 93
6 -117 47 -119 45 -116 49
4 65 84 62 82 66 85
6 -109 67 -110 66 -108 68
4 75 70 74 69 76 71
6 -97 84 -98 85 -97 84
4 83 57 82 55 83 58
6 -84 100 -85 99 -83 101
4 89 41 88 39 90 42
6 -67 114 -67 112 -66 115
4 92 26 90 24 92 27
6 -48 124 -49 123 -48 126
4 90 9 90 7 90 10
6 -26 132 -29 131 -25 132
4 87 -6 86 -8 87 -5
6 -4 134 -6 133 -2 134
4 81 -20 79 -23 82 -18
6 18 132 16 132 19 133
4 72 -33 72 -36 73 -32
6 40 129 37 127 41 130
4 63 -45 62 -47 63 -43
6 60 119 59 118 60 120
4 49 -54 48 -57 50 -52
6 78 108 76 107 79 109
4 36 -61 34 -64 38 -59
6 95 93 92 92 96 94
4 22 -66 20 -68 24 -64
6 108 74 107 73 109 75
4 7 -68 5 -70 9 -67
6 118 56 116 55 120 57
4 -6 -68 -9 -70 -5 -67
6 124 34 123 33 124 34
4 -22 -66 -25 -68 -20 -65
6 126 13 124 11 128 14
4 -36 -62 -38 -64 -35 -61
6 125 -8 124 -9 125 -7
4 -50 -56 -50 -57 -49 -55
6 121 -31 118 -33 122 -29
4 -40 -61 -41 -69 -39 -56
6 120 -36 122 -20 119 -45
4 -27 -63 -31 -68 -24 -60
6 125 -18 127 -13 124 -21
4 -13 -64 -20 -68 -9 -61
6 128 0 128 1 127 -1
4 0 -63 -5 -66 3 -61
6 128 0 128 1 127 -1
4 13 -60 7 -63 17 -59
6 123 40 126 41 121 40
4 27 -57 21 -58 31 -56
6 113 60 115 60 112 60
4 40 -51 34 -53 43 -50
6 101 79 102 79 100 79
4 52 -42 46 -42 55 -42
6 84 96 86 95 83 96
4 63 -31 56 -33 67 -30
6 66 108 68 110 65 107
4 72 -20 65 -21 76 -19
6 45 118 47 116 44 120
4 79 -7 72 -9 83 -6
6 45 118 47 116 44 120
4 83 7 77 6 87 8
6 5 125 10 127 2 123
4 85 24 78 20 89 26
6 -19 121 -16 122 -22 120
4 84 40 77 37 89 42
6 -41 117 -38 116 -43 118
4 80 55 74 53 83 56
6 -41 117 -38 116 -43 118
4 73 70 67 67 77 72
6 -77 94 -73 94 -80 94
4 63 83 57 81 66 84
6 -93 78 -91 79 -94 78
4 51 94 45 92 55 96
6 -106 60 -104 60 -107 60
4 37 103 32 100 41 105
6 -114 42 -113 41 -115 42
4 21 111 16 108 24 113
6 -114 42 -113 41 -115 42
4 5 114 -1 113 9 115
6 -119 0 -116 0 -120 0
4 -9 116 -15 113 -5 117
6 -119 0 -116 0 -120 0
4 -27 114 -33 112 -24 115
6 -111 -43 -105 -43 -115 -43
4 -42 108 -48 107 -38 109
6 -104 -62 -101 -61 -105 -62
4 -56 101 -61 100 -54 101
6 -104 -62 -101 -61 -105 -62
4 -40 102 -41 104 -39 100
6 -91 -78 -93 -85 -89 -73
4 -26 104 -27 105 -26 104
6 -104 -59 -106 -62 -103 -57
4 -8 108 -9 105 -7 110
6 -104 -59 -106 -62 -103 -57
4 5 109 3 108 7 110
6 -121 -20 -128 -23 -117 -18
4 22 107 20 104 23 108
6 -123 3 -127 1 -120 4
4 36 100 35 99 36 100
6 -122 23 -124 22 -121 24
4 50 91 49 90 51 92
6 -117 46 -119 44 -116 47
4 63 81 61 79 64 83
6 -109 66 -111 64 -109 67
4 73 70 70 68 74 71
6 -109 66 -111 64 -109 67
4 81 56 80 54 82 57
6 -109 66 -111 64 -109 67
4 86 41 85 38 88 43
6 -109 66 -111 64 -109 67
4 88 26 88 25 89 26
6 -109 66 -111 64 -109 67
4 87 9 87 8 87 10
6 -39 121 -59 103 -27 132
4 84 -5 83 -7 84 -4
6 -10 131 -20 124 -4 134
4 77 -19 77 -22 77 -18
6 14 133 8 130 18 135
