1 25 -118 23 -120 26 -118
6 -114 -172 -113 -171 -114 -172
1 7 -120 6 -120 8 -120
6 -140 -149 -142 -149 -140 -149
1 -11 -122 -12 -121 -10 -122
6 -161 -123 -164 -122 -159 -124
1 -30 -119 -32 -118 -28 -119
6 -176 -98 -178 -96 -175 -99
1 -48 -113 -49 -113 -47 -113
6 -189 -67 -190 -66 -188 -67
1 -65 -104 -67 -104 -65 -104
6 -194 -31 -197 -31 -192 -31
1 -79 -92 -81 -92 -78 -92
6 -195 0 -196 0 -194 0
1 -91 -77 -94 -76 -89 -78
6 -189 32 -192 33 -188 31
1 -100 -60 -103 -60 -98 -60
6 -177 65 -179 65 -175 65
1 -107 -44 -108 -43 -105 -44
6 -161 88 -163 93 -160 86
1 -110 -26 -112 -25 -108 -27
6 -139 114 -142 115 -137 113
1 -110 -8 -112 -8 -108 -8
6 -114 135 -116 136 -113 134
1 -107 10 -109 10 -105 9
6 -87 150 -89 152 -85 149
1 -100 27 -102 26 -99 28
6 -58 163 -57 162 -58 163
1 -92 43 -94 45 -91 42
6 -24 168 -28 171 -22 166
1 -80 56 -83 58 -78 55
6 7 169 5 169 8 169
1 -67 68 -68 69 -66 67
6 39 165 36 165 40 165
1 -56 76 -54 77 -57 75
6 70 152 69 153 71 152
1 -34 84 -40 85 -30 84
6 99 137 96 138 101 136
1 -17 88 -18 89 -16 87
6 127 115 125 113 128 117
1 1 88 0 87 2 88
6 147 93 145 93 149 93
1 19 87 17 87 20 87
6 163 66 162 66 165 66
1 36 82 34 83 38 81
6 178 33 174 35 181 31
1 54 73 53 72 55 73
6 185 1 182 0 186 1
1 68 62 66 63 69 61
6 181 -34 187 -22 177 -42
1 70 61 70 68 70 56
6 182 -9 189 -7 177 -10
1 56 70 61 70 53 70
6 178 22 187 21 172 23
1 42 76 49 78 38 75
6 166 52 178 50 159 52
1 25 81 32 80 20 81
6 151 78 160 77 145 79
1 6 84 15 83 1 84
6 128 104 138 101 122 105
1 -11 83 -3 82 -16 83
6 104 123 114 122 97 124
1 -27 78 -20 78 -31 79
6 74 138 86 138 67 138
1 -48 71 -37 70 -55 72
6 44 148 54 146 38 149
1 -62 63 -55 60 -66 65
6 13 155 24 151 6 157
1 -74 52 -68 50 -78 53
6 -16 152 -7 153 -22 152
1 -85 37 -78 35 -90 37
6 -50 146 -38 144 -58 146
1 -95 22 -86 21 -100 23
6 -81 137 -69 133 -88 140
1 -100 4 -93 3 -105 5
6 -108 122 -98 118 -115 124
1 -104 -11 -95 -11 -109 -10
6 -135 101 -124 97 -141 104
1 -103 -32 -96 -31 -108 -32
6 -155 76 -144 75 -162 76
1 -101 -50 -93 -52 -107 -49
6 -173 47 -162 43 -180 49
1 -94 -66 -87 -67 -99 -65
6 -185 17 -174 15 -192 19
1 -85 -83 -75 -84 -90 -83
6 -191 -13 -178 -15 -199 -12
1 -73 -97 -66 -98 -77 -96
6 -189 -47 -180 -50 -194 -44
1 -59 -107 -52 -109 -64 -106
6 -184 -77 -174 -80 -190 -75
1 -42 -116 -34 -117 -47 -116
6 -172 -109 -162 -112 -178 -107
1 -24 -123 -15 -123 -29 -123
6 -155 -135 -146 -137 -160 -133
1 -7 -124 0 -127 -12 -123
6 -132 -158 -122 -162 -138 -156
1 12 -124 20 -125 8 -123
6 -107 -181 -96 -182 -114 -180
1 31 -121 39 -121 27 -120
6 -81 -188 -79 -194 -82 -184
1 28 -115 26 -117 30 -115
6 -108 -170 -113 -171 -105 -169
1 8 -122 7 -120 8 -123
6 -138 -145 -139 -146 -138 -144
1 -12 -121 -13 -123 -11 -120
6 -157 -122 -159 -121 -155 -122
1 -29 -117 -31 -117 -28 -117
6 -175 -94 -176 -90 -175 -96
1 -47 -111 -49 -110 -45 -111
6 -186 -62 -189 -62 -184 -63
1 -63 -103 -64 -103 -62 -103
6 -190 -31 -193 -31 -188 -31
1 -78 -90 -80 -90 -76 -90
6 -191 2 -193 3 -190 1
1 -89 -77 -91 -76 -88 -78
6 -186 35 -188 34 -185 35
1 -99 -60 -102 -60 -98 -61
6 -173 64 -177 67 -170 63
1 -105 -44 -108 -43 -103 -44
6 -155 93 -158 94 -154 92
1 -108 -26 -110 -25 -106 -27
6 -135 117 -137 119 -134 116
1 -108 -7 -110 -6 -106 -8
6 -111 137 -114 138 -109 137
1 -105 10 -107 10 -104 9
6 -82 152 -83 154 -82 151
1 -99 27 -101 27 -98 27
6 -52 163 -54 165 -51 161
1 -89 42 -92 45 -87 41
6 -19 168 -22 170 -17 167
1 -78 56 -80 56 -77 56
6 12 169 10 168 13 169
1 -65 67 -66 67 -64 66
6 41 164 39 165 43 164
1 -53 76 -52 76 -53 77
6 72 151 71 154 72 149
1 -33 83 -38 84 -30 82
6 98 136 96 138 99 135
1 -14 86 -16 88 -13 85
6 125 116 122 115 128 117
1 2 87 1 87 3 86
6 146 91 145 90 147 92
1 19 84 17 85 19 84
6 162 64 160 63 163 65
1 36 80 34 79 37 80
6 176 34 171 34 178 35
1 53 71 51 71 54 71
6 184 1 180 3 186 0
1 67 59 66 60 68 59
6 181 -35 184 -31 180 -37
1 70 56 69 63 71 51
6 183 -16 190 -10 178 -20
1 58 65 62 65 55 65
6 179 15 187 16 175 14
1 46 72 53 73 42 72
6 170 46 181 45 163 47
1 29 78 37 77 24 78
6 155 73 165 71 148 74
1 10 81 18 79 5 82
6 135 99 145 98 129 100
1 -6 82 1 81 -10 83
6 111 118 122 118 105 117
1 -22 77 -16 77 -26 77
6 81 133 92 134 74 132
1 -41 73 -31 70 -46 75
6 54 145 65 143 47 146
1 -57 64 -49 63 -62 64
6 24 154 33 150 18 156
1 -70 53 -62 52 -75 53
6 -8 156 2 154 -14 157
1 -82 40 -74 39 -86 41
6 -42 150 -29 150 -50 149
1 -92 26 -83 23 -98 27
6 -71 141 -62 138 -77 142
1 -99 9 -91 8 -104 10
6 -100 127 -91 122 -106 129
1 -103 -9 -96 -11 -108 -7
6 -127 110 -116 105 -134 113
1 -104 -27 -96 -28 -108 -26
6 -149 85 -139 83 -155 85
1 -101 -46 -93 -46 -106 -46
6 -166 60 -156 57 -173 61
1 -96 -61 -88 -63 -101 -60
6 -179 30 -169 27 -186 32
1 -87 -78 -79 -79 -92 -77
6 -190 -1 -177 -4 -197 0
1 -76 -93 -68 -94 -81 -92
6 -188 -34 -181 -37 -192 -32
1 -62 -104 -54 -106 -67 -103
6 -184 -66 -173 -67 -190 -65
1 -47 -114 -39 -115 -53 -114
6 -176 -97 -165 -99 -183 -96
1 -30 -121 -22 -123 -35 -120
6 -161 -126 -151 -127 -167 -125
1 -12 -127 -3 -128 -18 -127
6 -138 -150 -130 -156 -142 -146
1 6 -126 13 -129 2 -123
6 -114 -171 -104 -174 -121 -170
1 25 -122 33 -123 20 -122
6 -87 -184 -84 -194 -89 -178
1 27 -116 27 -117 27 -115
6 -111 -166 -116 -167 -108 -165
1 5 -120 4 -119 5 -120
6 -140 -140 -142 -141 -139 -140
1 -13 -120 -14 -120 -13 -120
6 -157 -116 -161 -115 -155 -117
1 -30 -117 -32 -116 -29 -117
6 -173 -89 -175 -87 -172 -91
1 -47 -111 -49 -110 -46 -111
6 -185 -60 -186 -58 -185 -61
1 -63 -101 -65 -102 -62 -101
6 -189 -27 -193 -28 -186 -27
1 -77 -89 -80 -88 -76 -90
6 -189 3 -191 5 -188 2
1 -89 -76 -91 -75 -89 -77
6 -184 36 -186 35 -183 36
1 -99 -59 -101 -59 -98 -59
6 -171 67 -174 68 -169 67
1 -104 -43 -107 -42 -102 -44
6 -153 93 -156 96 -152 92
1 -107 -26 -110 -24 -105 -27
6 -135 116 -136 117 -134 116
1 -107 -8 -109 -7 -105 -8
6 -107 138 -111 139 -105 138
1 -103 10 -106 10 -102 10
6 -82 151 -83 154 -81 148
1 -98 26 -100 28 -97 25
6 -51 162 -53 162 -50 162
1 -88 42 -91 43 -86 41
6 -21 166 -23 168 -20 164
1 -77 55 -79 56 -76 54
6 12 166 10 166 13 167
1 -64 65 -65 67 -63 65
6 43 163 40 162 45 163
1 -52 74 -51 75 -52 74
6 73 150 72 152 74 148
1 -32 80 -36 83 -29 79
6 100 133 98 134 102 133
1 -15 83 -17 83 -14 83
6 125 114 123 113 127 115
1 1 84 0 84 2 84
6 146 91 143 91 147 92
1 20 82 18 82 21 82
6 161 65 159 65 163 65
1 37 78 35 77 38 79
6 175 36 171 35 178 36
1 53 69 51 69 54 70
6 182 4 179 5 183 4
1 67 58 66 60 68 56
6 178 -38 180 -38 177 -38
1 72 46 71 53 73 43
6 181 -25 187 -16 177 -31
1 62 58 66 58 59 59
6 180 7 188 7 175 7
1 49 67 58 66 44 67
6 172 37 182 36 165 37
1 33 73 42 73 28 73
6 157 67 167 65 151 68
1 16 78 25 77 10 79
6 141 91 149 90 135 92
1 -2 78 6 76 -7 79
6 117 114 127 112 111 115
1 -18 76 -10 76 -23 77
6 88 129 101 130 81 128
1 -36 72 -27 70 -41 74
6 63 141 71 140 58 142
1 -52 64 -43 64 -57 65
6 33 151 42 148 27 153
1 -65 54 -58 53 -70 55
6 0 155 9 152 -6 157
1 -78 43 -69 42 -83 44
6 -31 154 -21 151 -37 155
1 -88 27 -80 26 -92 28
6 -64 147 -53 143 -71 149
1 -95 12 -86 12 -101 13
6 -93 134 -84 132 -99 135
1 -99 -4 -91 -6 -104 -3
6 -119 116 -110 114 -125 117
1 -102 -23 -93 -24 -107 -23
6 -143 91 -134 90 -149 93
1 -100 -41 -92 -42 -105 -40
6 -161 65 -152 64 -167 66
1 -95 -58 -87 -59 -100 -57
6 -173 38 -164 36 -179 39
1 -88 -73 -80 -75 -94 -72
6 -184 7 -173 6 -190 8
1 -77 -89 -69 -92 -82 -88
6 -185 -26 -177 -29 -191 -25
1 -65 -101 -56 -102 -70 -100
6 -183 -57 -174 -58 -189 -56
1 -51 -112 -41 -113 -56 -112
6 -175 -90 -165 -92 -181 -88
1 -35 -119 -26 -121 -40 -119
6 -159 -118 -152 -121 -164 -117
1 -18 -127 -9 -126 -24 -128
6 -142 -142 -132 -144 -148 -141
1 2 -126 9 -131 -2 -123
6 -120 -167 -110 -169 -126 -166
1 20 -123 28 -125 16 -121
6 -94 -181 -89 -193 -97 -174
1 23 -118 24 -120 23 -116
6 -114 -160 -121 -163 -110 -158
1 2 -119 2 -119 2 -118
6 -139 -137 -140 -138 -138 -136
1 -17 -119 -17 -119 -17 -119
6 -160 -112 -161 -111 -159 -112
1 -34 -115 -35 -115 -33 -116
6 -174 -85 -176 -83 -172 -86
1 -51 -109 -53 -108 -49 -110
6 -184 -54 -185 -53 -183 -54
1 -65 -100 -67 -101 -64 -99
6 -187 -22 -190 -21 -185 -22
1 -79 -86 -82 -86 -76 -86
6 -187 10 -187 11 -186 9
1 -90 -73 -91 -72 -89 -73
6 -180 42 -182 42 -179 42
1 -98 -57 -100 -56 -96 -58
6 -165 71 -169 72 -163 70
1 -103 -41 -105 -40 -101 -41
6 -148 95 -151 97 -146 93
1 -105 -25 -107 -23 -103 -25
6 -128 118 -129 118 -127 118
1 -105 -6 -107 -6 -104 -6
6 -101 138 -103 139 -99 137
1 -101 11 -104 11 -100 10
6 -72 151 -74 153 -71 149
1 -94 26 -97 26 -92 26
6 -43 161 -45 162 -42 160
1 -85 42 -87 41 -85 42
6 -11 164 -13 165 -9 163
1 -73 54 -75 56 -72 53
6 18 163 17 164 19 162
1 -60 64 -62 65 -60 64
6 51 156 49 155 52 157
1 -46 72 -48 73 -44 72
6 80 143 78 144 81 142
1 -27 77 -30 80 -26 76
6 106 126 104 126 107 126
1 -12 80 -12 80 -11 80
6 130 106 127 106 132 106
1 5 80 3 81 5 79
6 150 81 148 81 151 81
1 22 76 20 76 23 76
6 163 55 162 55 164 56
1 38 71 36 72 39 70
6 174 24 171 26 176 23
1 55 61 53 61 55 61
6 179 -6 176 -6 181 -6
1 68 51 66 49 69 52
6 175 -47 175 -48 175 -47
1 72 38 71 43 72 35
6 177 -36 185 -26 172 -43
1 63 50 68 49 60 50
6 178 -7 186 -8 173 -7
1 52 59 59 57 48 59
6 174 22 183 20 168 23
1 37 66 46 65 31 66
6 160 53 171 51 154 54
1 22 71 31 70 16 72
6 144 80 154 78 137 81
1 4 73 14 71 -1 74
6 124 102 135 101 117 102
1 -12 73 -4 70 -18 74
6 99 122 110 120 92 123
1 -30 69 -21 67 -36 71
6 71 135 80 135 65 135
1 -45 64 -36 63 -51 65
6 42 147 52 144 35 149
1 -61 54 -52 51 -66 56
6 11 149 20 150 5 149
1 -72 44 -63 42 -77 45
6 -19 149 -9 147 -24 149
1 -83 31 -74 29 -89 33
6 -51 146 -39 141 -58 148
1 -89 16 -82 14 -94 17
6 -81 134 -71 132 -87 136
1 -96 0 -86 -2 -102 1
6 -107 119 -98 116 -113 121
1 -99 -17 -90 -17 -105 -17
6 -131 98 -121 96 -137 99
1 -99 -34 -90 -36 -104 -34
6 -150 74 -140 74 -156 75
1 -95 -51 -87 -53 -101 -50
6 -166 47 -157 43 -173 49
1 -90 -68 -81 -70 -96 -67
6 -180 19 -167 17 -187 20
1 -79 -84 -71 -85 -85 -83
6 -184 -13 -174 -15 -190 -12
1 -69 -95 -59 -96 -74 -94
6 -182 -45 -174 -47 -187 -44
1 -56 -107 -46 -108 -62 -106
6 -179 -75 -168 -77 -185 -74
1 -40 -115 -31 -116 -45 -115
6 -166 -105 -156 -106 -172 -104
1 -22 -121 -14 -123 -28 -120
6 -149 -131 -140 -135 -154 -129
1 -6 -124 2 -126 -12 -122
6 -128 -155 -118 -157 -135 -154
1 11 -123 21 -124 6 -122
6 -104 -173 -100 -184 -106 -166
1 19 -119 20 -125 18 -116
6 -116 -158 -121 -159 -113 -158
1 0 -120 0 -121 0 -118
6 -144 -131 -145 -132 -143 -131
1 -20 -118 -21 -119 -19 -117
6 -161 -107 -162 -107 -160 -107
1 -37 -112 -39 -112 -36 -113
6 -175 -79 -177 -78 -173 -79
1 -54 -107 -55 -105 -54 -108
6 -184 -46 -186 -47 -183 -46
1 -68 -96 -70 -96 -67 -97
6 -185 -14 -189 -14 -183 -14
1 -80 -84 -83 -83 -78 -84
6 -184 15 -185 15 -183 14
1 -91 -70 -92 -70 -90 -70
6 -176 48 -177 48 -175 48
1 -98 -55 -100 -54 -97 -55
6 -161 76 -165 77 -158 75
1 -101 -38 -105 -37 -99 -39
6 -141 102 -144 103 -140 102
1 -103 -21 -105 -20 -102 -22
6 -121 122 -122 123 -120 122
1 -102 -4 -104 -3 -100 -4
6 -94 142 -97 142 -93 141
1 -96 12 -99 13 -95 11
6 -68 154 -70 154 -66 154
1 -90 26 -92 26 -90 26
6 -34 162 -39 164 -31 160
1 -81 41 -82 42 -80 40
6 -3 162 -4 164 -2 161
1 -69 52 -70 54 -69 51
6 26 161 24 160 27 161
1 -57 61 -58 62 -56 60
6 55 154 52 154 56 153
1 -43 69 -44 70 -42 69
6 85 138 84 139 85 137
1 -25 73 -28 75 -23 72
6 109 121 107 121 111 120
1 -9 74 -10 76 -8 73
6 132 102 128 101 135 103
1 7 74 6 74 8 73
6 151 77 149 76 153 77
1 24 68 23 69 25 68
6 165 49 163 48 166 49
1 40 63 38 63 42 63
6 175 17 171 19 177 17
1 54 53 53 53 55 53
6 179 -13 176 -14 181 -12
1 67 43 65 43 68 43
6 174 -51 174 -52 174 -50
1 72 29 71 32 73 27
6 174 -48 183 -35 168 -56
1 67 39 73 40 64 39
6 180 -14 186 -14 177 -14
1 56 49 64 47 51 51
6 177 10 186 11 171 10
1 42 58 52 56 36 59
6 167 41 178 40 160 42
1 28 64 37 62 22 65
6 153 67 163 67 146 68
1 10 67 20 65 3 68
6 132 94 143 91 125 95
1 -6 69 4 66 -12 70
6 110 113 119 113 104 113
1 -23 66 -13 64 -28 68
6 82 128 93 129 75 127
1 -37 63 -27 61 -44 64
6 54 143 63 138 49 145
1 -52 55 -43 52 -58 57
6 24 151 33 148 19 152
1 -66 44 -57 41 -71 45
6 -5 150 4 151 -11 149
1 -78 34 -68 30 -84 36
6 -38 146 -26 145 -45 147
1 -86 19 -77 18 -91 20
6 -69 138 -59 134 -75 140
1 -92 3 -83 1 -97 5
6 -96 125 -88 121 -102 128
1 -97 -12 -86 -14 -104 -10
6 -122 108 -111 106 -129 110
1 -97 -29 -88 -29 -103 -28
6 -142 84 -134 84 -147 85
1 -91 -63 -81 -65 -98 -61
6 -160 59 -150 55 -166 61
1 -83 -78 -75 -79 -88 -77
6 -174 31 -162 28 -181 32
1 -71 -90 -62 -93 -77 -89
6 -181 -1 -171 -2 -186 0
1 -60 -102 -50 -103 -66 -101
6 -182 -33 -174 -35 -188 -31
1 -45 -111 -36 -112 -50 -109
6 -178 -64 -168 -65 -184 -64
1 -29 -118 -20 -119 -35 -117
6 -170 -95 -160 -97 -176 -94
1 -12 -122 -1 -124 -18 -121
6 -153 -121 -145 -125 -158 -118
1 4 -122 12 -125 -1 -120
6 -135 -145 -126 -147 -141 -143
1 15 -119 17 -126 14 -115
6 -113 -166 -108 -173 -116 -162
1 -2 -119 -3 -121 -2 -117
6 -117 -154 -122 -154 -115 -154
1 -22 -116 -22 -116 -22 -115
6 -143 -128 -144 -130 -142 -127
1 -38 -112 -40 -111 -37 -112
6 -160 -104 -162 -103 -159 -104
1 -54 -105 -55 -104 -53 -106
6 -174 -76 -177 -75 -172 -76
1 -68 -96 -70 -95 -67 -96
6 -182 -45 -184 -45 -181 -45
1 -80 -83 -82 -83 -78 -83
6 -183 -12 -187 -13 -181 -12
1 -89 -69 -91 -69 -88 -69
6 -180 19 -183 20 -179 18
1 -96 -54 -98 -52 -95 -54
6 -173 50 -173 50 -172 50
1 -100 -37 -103 -36 -98 -38
6 -157 79 -160 81 -155 78
1 -101 -20 -103 -19 -100 -21
6 -140 102 -142 105 -138 101
1 -99 -4 -102 -3 -97 -4
6 -118 124 -118 124 -118 124
1 -95 11 -96 13 -95 10
6 -91 140 -94 142 -89 139
1 -89 26 -90 27 -88 26
6 -64 154 -65 156 -64 153
1 -80 40 -81 41 -79 39
6 -33 161 -36 161 -31 160
1 -70 51 -70 52 -71 50
6 -3 161 -6 164 -1 159
1 -56 60 -58 62 -55 59
6 28 160 27 159 29 161
1 -40 67 -43 68 -38 66
6 56 154 54 152 58 155
1 -24 71 -26 72 -22 71
6 85 140 83 143 86 139
1 -8 72 -8 74 -7 70
6 111 123 109 121 113 123
1 8 70 7 71 9 69
6 133 103 131 103 134 103
1 23 66 22 68 23 64
6 152 76 150 76 153 77
1 38 58 37 59 40 58
6 164 50 163 51 164 50
1 52 50 51 50 53 49
6 173 18 171 17 174 19
1 64 39 62 39 65 40
6 177 -10 173 -10 179 -10
1 72 23 72 24 73 23
6 173 -48 173 -48 173 -48
1 68 31 73 33 65 31
6 171 -54 179 -39 166 -64
1 58 43 67 41 52 44
6 175 -35 183 -30 169 -39
1 45 52 53 50 40 53
6 176 -2 184 -2 171 -2
1 32 58 42 57 26 59
6 169 28 178 25 163 29
1 17 62 26 60 11 63
6 156 55 167 53 149 56
1 1 65 11 62 -4 66
6 141 82 149 80 136 83
1 -13 63 -4 61 -19 65
6 120 104 130 103 114 105
1 -29 61 -19 58 -35 63
6 93 121 105 123 85 120
1 -44 55 -34 53 -51 57
6 65 136 75 134 60 137
1 -58 47 -48 45 -64 48
6 36 146 46 143 30 148
1 -70 36 -61 33 -76 38
6 6 147 16 149 0 146
1 -80 23 -71 22 -86 24
6 -21 146 -12 145 -26 147
1 -88 9 -77 8 -94 10
6 -52 143 -41 138 -59 146
1 -92 -4 -83 -7 -97 -3
6 -85 131 -73 127 -92 133
1 -96 -23 -85 -24 -102 -22
6 -112 116 -100 113 -119 117
1 -94 -39 -85 -42 -99 -38
6 -134 92 -126 91 -139 93
1 -89 -55 -80 -56 -95 -54
6 -152 67 -143 65 -157 69
1 -84 -70 -74 -71 -90 -70
6 -167 42 -156 39 -174 44
1 -75 -84 -66 -86 -80 -83
6 -177 10 -167 10 -183 10
1 -64 -96 -54 -98 -70 -95
6 -180 -19 -171 -21 -186 -17
1 -52 -106 -41 -108 -58 -106
6 -178 -50 -170 -51 -184 -49
1 -35 -114 -26 -116 -41 -113
6 -172 -79 -162 -80 -178 -78
1 -20 -117 -10 -120 -25 -116
6 -158 -109 -150 -113 -163 -106
1 -3 -121 6 -122 -9 -120
6 -142 -133 -132 -134 -149 -133
1 13 -119 18 -125 9 -115
6 -122 -159 -114 -164 -127 -156
1 -3 -117 -5 -120 -2 -115
6 -117 -151 -120 -152 -116 -151
1 -22 -114 -22 -116 -22 -113
6 -145 -126 -145 -126 -145 -127
1 -38 -109 -39 -110 -37 -109
6 -161 -101 -163 -101 -159 -100
1 -52 -103 -54 -101 -51 -104
6 -175 -72 -176 -71 -173 -73
1 -67 -92 -69 -93 -65 -91
6 -181 -43 -184 -43 -178 -43
1 -78 -80 -79 -79 -77 -81
6 -182 -9 -185 -8 -179 -10
1 -87 -66 -88 -65 -86 -67
6 -178 20 -181 20 -176 20
1 -94 -51 -96 -51 -93 -52
6 -171 50 -171 50 -170 50
1 -97 -35 -100 -34 -96 -36
6 -155 79 -159 79 -152 78
1 -99 -20 -100 -18 -98 -22
6 -137 102 -139 104 -136 101
1 -97 -5 -99 -4 -96 -5
6 -116 124 -116 125 -115 124
1 -94 11 -95 12 -93 10
6 -91 141 -93 141 -91 141
1 -87 24 -89 26 -86 23
6 -65 152 -67 154 -63 151
1 -78 36 -80 37 -76 36
6 -31 158 -34 160 -29 157
1 -66 47 -68 48 -65 47
6 0 159 -3 162 1 157
1 -53 54 -55 52 -52 56
6 27 156 26 154 28 157
