1 92 93 93 90 91 95
4 47 197 43 195 49 198
1 106 76 106 76 106 77
4 77 187 76 184 78 188
1 116 57 117 55 116 58
4 106 168 106 168 106 168
1 123 37 123 36 124 38
4 128 148 127 150 129 147
1 126 16 126 15 126 17
4 150 123 150 120 150 125
1 127 -5 126 -7 127 -4
4 165 95 162 89 166 99
1 124 -27 122 -28 125 -27
4 178 67 175 63 181 69
1 117 -48 115 -50 118 -48
4 184 36 184 33 185 38
1 107 -68 105 -69 108 -67
4 184 4 185 2 183 5
1 94 -85 91 -86 95 -85
4 183 -26 184 -27 182 -26
1 77 -101 76 -101 78 -101
4 172 -59 172 -59 172 -58
1 59 -114 56 -114 61 -114
4 158 -89 155 -88 160 -90
1 39 -124 37 -123 41 -125
4 140 -116 137 -116 142 -116
1 17 -129 16 -130 18 -128
4 115 -137 115 -139 116 -135
1 -4 -129 -6 -132 -4 -127
4 87 -155 86 -156 87 -153
1 -27 -125 -29 -127 -26 -124
4 57 -167 55 -168 58 -166
1 -48 -119 -49 -120 -47 -118
4 24 -176 23 -175 24 -177
1 -68 -108 -70 -109 -68 -108
4 -8 -177 -11 -179 -7 -176
1 -88 -93 -90 -93 -87 -93
4 -44 -173 -45 -176 -44 -171
1 -103 -77 -104 -77 -101 -77
4 -75 -162 -77 -163 -74 -162
1 -114 -58 -116 -58 -114 -57
4 -105 -148 -105 -149 -105 -148
1 -125 -38 -124 -38 -125 -39
4 -135 -129 -133 -128 -136 -130
1 -131 -15 -131 -16 -131 -15
4 -157 -102 -160 -104 -155 -101
1 -129 7 -133 6 -127 7
4 -173 -73 -176 -75 -171 -72
1 -125 29 -128 29 -124 30
4 -181 -45 -184 -50 -178 -42
1 -126 31 -128 24 -124 36
4 -172 -69 -170 -85 -174 -59
1 -129 12 -129 9 -129 14
4 -155 -99 -157 -105 -155 -95
1 -130 -11 -129 -12 -131 -10
4 -137 -119 -142 -122 -134 -117
1 -125 -32 -127 -33 -124 -31
4 -110 -136 -118 -141 -106 -132
1 -115 -51 -118 -52 -113 -51
4 -81 -150 -88 -155 -76 -147
1 -102 -69 -104 -70 -101 -69
4 -50 -159 -56 -162 -46 -157
1 -88 -86 -89 -88 -88 -85
4 -18 -162 -25 -165 -13 -161
1 -69 -100 -70 -101 -68 -99
4 17 -162 10 -165 21 -160
1 -49 -110 -51 -111 -48 -109
4 48 -153 42 -157 51 -151
1 -28 -117 -29 -117 -28 -116
4 77 -143 71 -144 81 -142
1 -6 -119 -8 -119 -5 -119
4 103 -125 98 -128 107 -123
1 16 -120 14 -120 18 -119
4 128 -103 121 -105 133 -102
1 37 -114 37 -114 38 -114
4 150 -77 143 -79 155 -76
1 59 -107 58 -106 60 -107
4 163 -48 158 -51 166 -46
1 76 -94 76 -97 76 -93
4 172 -18 166 -20 176 -17
1 92 -80 92 -80 93 -80
4 173 11 164 7 178 13
1 105 -62 105 -61 105 -62
4 175 42 166 38 180 44
1 116 -42 115 -42 117 -42
4 171 75 161 72 177 77
1 124 -22 122 -22 125 -22
4 162 102 159 102 164 102
1 126 0 126 -1 126 0
4 145 130 140 128 149 131
1 125 22 125 22 126 22
4 122 153 116 152 126 153
1 122 42 120 43 122 42
4 98 174 91 172 102 176
1 114 62 112 62 116 62
4 68 193 62 189 73 195
1 109 82 103 82 113 83
4 40 206 32 201 45 209
1 93 99 94 98 93 100
4 17 210 16 212 17 210
1 95 91 101 96 91 88
4 51 193 52 196 51 192
1 106 73 107 74 105 72
4 82 181 83 179 82 183
1 116 53 116 52 116 53
4 105 165 106 166 105 165
1 122 34 122 33 122 34
4 136 138 134 138 138 139
1 126 7 125 7 126 7
4 152 74 153 114 151 49
1 126 -11 124 -12 127 -11
4 164 70 157 43 169 87
1 121 -35 121 -35 122 -34
4 176 51 171 40 179 58
1 115 -55 113 -55 117 -55
4 180 24 179 20 181 27
1 104 -76 102 -76 105 -75
4 180 -7 179 -10 181 -5
1 90 -92 88 -91 91 -92
4 178 -36 180 -37 178 -36
1 72 -106 71 -108 73 -104
4 166 -68 166 -70 165 -67
1 53 -117 51 -116 54 -117
4 153 -95 148 -95 157 -95
1 33 -125 30 -127 34 -125
4 132 -121 131 -124 133 -119
1 12 -130 10 -129 13 -131
4 108 -142 106 -143 109 -141
1 -11 -130 -13 -131 -10 -129
4 78 -158 77 -160 79 -158
1 -33 -125 -35 -125 -32 -125
4 49 -171 46 -170 51 -171
1 -53 -119 -55 -118 -52 -119
4 15 -178 14 -179 16 -178
1 -74 -107 -75 -107 -73 -107
4 -17 -177 -18 -179 -17 -176
1 -90 -92 -93 -93 -89 -91
4 -51 -170 -54 -171 -50 -169
1 -105 -74 -107 -75 -103 -74
4 -81 -160 -83 -160 -79 -160
1 -115 -56 -117 -57 -114 -56
4 -111 -145 -110 -146 -112 -145
1 -126 -35 -125 -36 -127 -35
4 -138 -124 -139 -124 -138 -124
1 -131 -12 -131 -13 -131 -12
4 -161 -95 -162 -97 -160 -93
1 -129 10 -132 10 -127 11
4 -174 -66 -177 -68 -171 -65
1 -124 32 -126 32 -122 33
4 -181 -35 -185 -39 -178 -33
1 -122 41 -126 38 -120 43
4 -176 -55 -174 -71 -178 -45
1 -127 19 -127 15 -128 22
4 -163 -84 -164 -90 -162 -81
1 -129 -3 -129 -4 -129 -2
4 -148 -108 -151 -110 -146 -107
1 -127 -22 -127 -23 -128 -21
4 -125 -129 -131 -133 -122 -127
1 -120 -43 -121 -43 -119 -42
4 -93 -144 -102 -151 -87 -140
1 -107 -63 -110 -66 -105 -62
4 -63 -155 -70 -159 -59 -152
1 -93 -79 -95 -82 -92 -78
4 -31 -161 -37 -164 -27 -159
1 -76 -94 -76 -94 -76 -94
4 0 -164 -6 -165 4 -163
1 -58 -107 -58 -107 -59 -107
4 33 -158 28 -163 37 -155
1 -36 -115 -38 -117 -35 -114
4 63 -148 57 -150 67 -147
1 -16 -119 -16 -119 -16 -119
4 92 -133 86 -135 96 -132
1 6 -122 5 -121 7 -122
4 118 -116 111 -118 122 -114
1 27 -119 27 -119 28 -119
4 140 -90 134 -92 144 -89
1 49 -114 49 -113 50 -114
4 155 -64 151 -66 158 -62
1 69 -102 70 -103 68 -102
4 168 -34 162 -37 171 -33
1 85 -89 85 -89 85 -88
4 172 -4 164 -8 176 -1
1 111 -53 111 -54 110 -53
4 175 26 167 25 179 27
1 119 -35 119 -35 119 -35
4 173 59 165 56 178 62
1 126 -13 124 -14 127 -12
4 163 89 157 88 166 89
1 127 9 127 8 126 9
4 155 117 149 113 158 119
1 124 30 123 29 124 30
4 133 141 129 142 135 141
1 118 52 117 52 119 52
4 110 163 104 161 114 165
1 108 71 108 71 108 71
4 84 183 77 180 88 185
1 96 88 95 88 97 89
4 56 199 48 195 60 201
1 97 86 101 92 95 83
4 26 207 21 205 29 208
1 107 67 109 70 106 66
4 60 191 61 193 59 189
1 116 47 116 46 115 47
4 87 176 89 177 86 175
1 121 26 121 26 122 26
4 113 157 113 157 113 157
1 124 5 123 5 124 4
4 135 133 136 133 134 133
1 124 -15 122 -16 126 -14
4 153 108 153 106 153 110
1 120 -41 118 -42 121 -41
4 164 84 160 78 167 88
1 112 -60 110 -61 113 -59
4 178 51 174 49 181 52
1 100 -78 99 -80 101 -77
4 183 21 182 19 184 22
1 87 -94 85 -93 88 -94
4 181 -10 181 -14 181 -8
1 69 -108 68 -108 70 -109
4 176 -43 179 -44 173 -43
1 50 -119 48 -120 51 -119
4 164 -71 163 -72 164 -70
1 29 -129 28 -127 31 -130
4 147 -99 145 -99 149 -98
1 8 -132 7 -131 9 -133
4 127 -124 124 -125 129 -123
1 -14 -132 -15 -134 -13 -131
4 101 -144 100 -146 102 -144
1 -37 -125 -38 -127 -36 -124
4 75 -159 73 -160 76 -159
1 -57 -118 -58 -117 -56 -119
4 43 -170 41 -171 44 -169
1 -76 -106 -78 -107 -75 -105
4 10 -176 9 -176 10 -176
1 -92 -90 -95 -91 -91 -89
4 -23 -174 -24 -176 -22 -173
1 -106 -73 -108 -73 -105 -72
4 -53 -169 -55 -169 -52 -168
1 -116 -54 -118 -53 -115 -54
4 -84 -156 -86 -158 -83 -155
1 -125 -34 -125 -33 -125 -34
4 -112 -140 -113 -141 -111 -139
1 -129 -11 -130 -12 -129 -11
4 -142 -121 -139 -119 -143 -122
1 -127 11 -130 10 -126 11
4 -161 -94 -163 -96 -160 -93
1 -122 32 -125 33 -120 32
4 -175 -63 -179 -65 -173 -62
1 -119 44 -122 40 -117 46
4 -183 -32 -187 -33 -181 -31
1 -123 28 -124 24 -123 31
4 -180 -44 -180 -59 -180 -35
1 -126 2 -125 1 -127 3
4 -171 -68 -172 -76 -170 -63
1 -126 -16 -125 -17 -126 -16
4 -154 -99 -157 -100 -152 -98
1 -119 -37 -120 -38 -119 -36
4 -134 -118 -140 -122 -130 -116
1 -109 -57 -110 -57 -109 -56
4 -105 -137 -112 -142 -100 -134
1 -97 -75 -96 -77 -97 -75
4 -73 -151 -81 -155 -69 -148
1 -81 -91 -81 -91 -81 -92
4 -41 -159 -48 -162 -38 -157
1 -63 -105 -62 -106 -63 -105
4 -11 -164 -17 -164 -8 -163
1 -44 -114 -44 -113 -45 -114
4 21 -161 14 -164 25 -160
1 -24 -121 -23 -122 -24 -120
4 52 -152 47 -156 56 -149
1 -1 -123 -1 -123 0 -122
4 82 -140 76 -141 85 -139
1 21 -122 21 -121 21 -123
4 107 -122 101 -125 110 -120
1 45 -118 44 -116 46 -119
4 132 -101 125 -101 136 -101
1 59 -110 62 -112 57 -108
4 147 -77 144 -79 149 -75
1 78 -94 81 -96 77 -92
4 159 -48 157 -49 160 -48
1 95 -79 95 -78 95 -80
4 170 -16 163 -18 174 -15
1 106 -63 109 -62 105 -63
4 172 13 164 8 178 16
1 116 -44 116 -44 116 -44
4 171 45 165 43 175 46
1 123 -23 124 -24 122 -23
4 167 75 159 74 172 76
1 127 -1 127 -1 126 -2
4 159 105 156 101 161 107
1 124 19 126 18 123 19
4 141 129 137 130 144 129
1 120 40 121 40 120 40
4 122 156 113 152 127 159
1 113 62 112 61 113 62
4 94 174 90 174 96 174
1 103 80 102 79 104 81
4 66 190 60 188 70 191
1 97 87 102 90 94 84
4 36 200 29 197 40 201
1 108 65 111 66 107 64
4 61 188 63 190 59 186
1 117 45 117 45 116 44
4 87 173 89 174 87 173
1 122 24 122 24 122 24
4 112 153 113 154 112 151
1 124 1 124 0 124 1
4 134 133 133 132 135 134
1 124 -18 122 -18 125 -18
4 154 107 153 106 154 108
1 120 -41 118 -41 121 -40
4 165 78 162 73 167 80
1 113 -61 110 -62 114 -61
4 174 52 172 50 175 54
1 100 -79 99 -82 101 -78
4 177 22 177 20 177 23
1 85 -95 84 -97 85 -94
4 177 -14 174 -17 178 -12
1 67 -109 66 -110 68 -108
4 173 -40 175 -40 172 -41
1 50 -119 47 -120 51 -119
4 160 -71 159 -73 160 -69
1 27 -131 27 -126 27 -134
4 143 -103 138 -104 146 -102
1 6 -132 3 -133 8 -131
4 143 -103 138 -104 146 -102
1 -15 -130 -17 -131 -14 -129
4 97 -143 95 -146 98 -141
1 -37 -124 -39 -127 -35 -122
4 97 -143 95 -146 98 -141
1 -56 -116 -58 -115 -55 -117
4 37 -169 30 -170 42 -167
1 -76 -105 -77 -105 -76 -105
4 9 -170 5 -172 11 -169
1 -92 -90 -94 -90 -91 -89
4 -24 -169 -26 -171 -23 -168
1 -106 -72 -108 -73 -105 -72
4 -54 -164 -55 -164 -54 -164
1 -116 -54 -118 -53 -115 -54
4 -85 -152 -86 -153 -84 -150
1 -124 -33 -125 -33 -123 -33
4 -111 -135 -113 -136 -110 -135
1 -129 -11 -128 -11 -129 -11
4 -111 -135 -113 -136 -110 -135
1 -127 11 -129 11 -126 12
4 -161 -89 -163 -91 -161 -88
1 -120 32 -124 33 -118 31
4 -174 -59 -178 -61 -172 -57
1 -116 48 -119 45 -114 49
4 -182 -27 -186 -28 -180 -26
1 -122 31 -122 25 -122 34
4 -181 -30 -182 -43 -180 -23
1 -126 4 -125 2 -126 6
4 -181 -30 -182 -43 -180 -23
1 -126 -11 -124 -12 -127 -11
4 -181 -30 -182 -43 -180 -23
1 -122 -34 -121 -35 -122 -32
4 -181 -30 -182 -43 -180 -23
1 -111 -52 -112 -53 -111 -52
4 -107 -133 -107 -144 -108 -126
1 -100 -71 -100 -72 -100 -71
4 -82 -145 -85 -150 -80 -143
1 -85 -88 -84 -88 -85 -88
4 -82 -145 -85 -150 -80 -143
1 -68 -103 -66 -103 -69 -103
4 -23 -161 -28 -165 -19 -158
1 -49 -112 -49 -112 -50 -112
4 10 -161 3 -164 13 -159
1 -28 -118 -27 -120 -29 -117
4 40 -155 34 -158 43 -154
1 -7 -122 -7 -121 -8 -122
4 40 -155 34 -158 43 -154
1 15 -122 15 -122 15 -122
4 98 -127 92 -131 102 -125
1 36 -120 37 -118 35 -121
4 98 -127 92 -131 102 -125
1 56 -110 58 -112 55 -109
4 140 -83 134 -86 144 -81
1 74 -99 76 -100 73 -98
4 154 -56 150 -59 156 -54
1 89 -85 91 -85 88 -85
4 164 -27 159 -29 167 -26
1 104 -68 104 -69 105 -67
4 167 2 159 -1 172 4
1 115 -49 116 -48 114 -50
4 170 34 162 31 175 37
1 122 -28 123 -28 121 -29
4 170 34 162 31 175 37
1 125 -7 126 -8 124 -7
4 170 34 162 31 175 37
1 125 12 126 13 124 11
4 150 116 150 106 150 122
1 121 33 122 32 120 33
4 128 143 125 139 130 145
1 114 54 114 54 114 54
4 104 165 99 161 107 167
1 105 72 105 72 105 72
4 76 185 70 181 80 187
1 98 83 101 84 96 82
4 47 197 40 193 51 199
1 109 59 112 60 107 59
4 47 197 40 193 51 199
1 117 38 118 38 116 39
4 47 197 40 193 51 199
1 120 19 121 19 119 19
4 118 146 122 140 115 149
1 122 -1 121 -4 122 0
4 135 126 137 123 134 128
1 122 -26 120 -24 124 -26
4 155 95 151 89 157 99
1 118 -46 116 -47 119 -46
4 155 95 151 89 157 99
1 108 -66 107 -66 109 -66
4 155 95 151 89 157 99
1 98 -83 96 -83 99 -83
4 173 6 164 0 178 11
1 83 -98 81 -98 84 -98
4 173 6 164 0 178 11
1 64 -111 64 -113 64 -110
4 167 -51 167 -54 168 -48
1 45 -124 43 -122 47 -125
4 154 -79 152 -81 156 -79
1 24 -129 23 -129 25 -129
4 138 -103 136 -105 139 -102
1 2 -133 2 -132 2 -133
4 138 -103 136 -105 139 -102
1 -19 -132 -20 -133 -19 -132
4 88 -145 83 -147 91 -143
1 -41 -127 -43 -127 -40 -127
4 60 -158 57 -160 62 -157
1 -62 -119 -63 -119 -61 -118
4 32 -166 29 -167 33 -166
1 -79 -106 -81 -107 -78 -106
4 1 -172 0 -171 2 -172
1 -94 -89 -97 -91 -92 -88
4 -32 -168 -33 -171 -30 -167
1 -107 -71 -108 -72 -105 -71
4 -32 -168 -33 -171 -30 -167
1 -117 -52 -118 -50 -116 -53
4 -93 -149 -98 -151 -90 -147
1 -124 -34 -124 -33 -125 -34
4 -118 -130 -120 -132 -117 -129
1 -128 -11 -129 -11 -127 -11
4 -118 -130 -120 -132 -117 -129
1 -127 11 -128 11 -126 11
4 -118 -130 -120 -132 -117 -129
1 -121 33 -122 32 -120 33
4 -179 -55 -188 -60 -174 -51
1 -113 50 -117 50 -111 51
4 -182 -20 -190 -22 -177 -19
1 -120 33 -120 24 -120 38
4 -182 -20 -190 -22 -177 -19
1 -125 11 -123 8 -126 13
4 -175 -54 -172 -76 -177 -40
1 -125 -8 -124 -9 -126 -7
4 -163 -80 -164 -87 -162 -75
1 -121 -28 -121 -30 -121 -27
4 -163 -80 -164 -87 -162 -75
1 -113 -48 -112 -49 -113 -48
4 -123 -120 -131 -128 -119 -115
1 -103 -66 -102 -69 -104 -65
4 -123 -120 -131 -128 -119 -115
1 -89 -83 -87 -83 -90 -83
4 -68 -148 -76 -155 -63 -143
1 -75 -98 -72 -97 -77 -98
4 -68 -148 -76 -155 -63 -143
1 -57 -110 -56 -111 -58 -110
4 -5 -161 -12 -164 -1 -159
1 -36 -118 -34 -119 -37 -117
4 -5 -161 -12 -164 -1 -159
1 -17 -123 -14 -122 -18 -123
4 -5 -161 -12 -164 -1 -159
1 5 -125 6 -125 5 -124
4 -5 -161 -12 -164 -1 -159
1 26 -123 28 -121 25 -124
4 -5 -161 -12 -164 -1 -159
1 48 -117 49 -117 47 -117
4 -5 -161 -12 -164 -1 -159
1 66 -106 69 -108 64 -104
4 160 -79 174 -99 151 -67
1 83 -92 86 -92 81 -91
4 164 -44 169 -51 161 -40
1 98 -77 99 -77 97 -78
4 166 -13 162 -18 169 -10
1 110 -59 112 -59 110 -59
4 170 18 164 15 173 20
1 119 -40 120 -40 118 -39
4 169 50 162 46 174 52
1 124 -19 125 -19 123 -19
4 163 79 156 78 167 80
1 126 1 127 2 124 0
4 163 79 156 78 167 80
1 122 22 125 22 120 22
4 135 130 136 127 134 132
1 116 43 118 42 115 43
4 135 130 136 127 134 132
1 108 63 108 62 107 63
4 86 172 80 168 89 174
1 98 78 101 78 96 79
4 61 186 54 184 65 187
1 109 52 111 50 107 53
4 69 181 70 187 69 177
1 115 33 116 33 114 34
4 96 161 97 164 94 159
1 119 15 119 15 118 15
4 119 144 118 143 120 145
1 121 -8 120 -8 122 -9
4 138 120 140 120 136 120
1 119 -28 118 -28 119 -28
4 138 120 140 120 136 120
1 114 -51 112 -50 116 -51
4 163 59 154 50 169 65
1 105 -69 104 -70 106 -69
4 163 59 154 50 169 65
1 94 -86 92 -85 96 -87
4 163 59 154 50 169 65
1 78 -103 76 -104 79 -102
4 163 59 154 50 169 65
1 61 -114 60 -114 62 -114
4 163 59 154 50 169 65
1 42 -124 41 -124 42 -124
4 145 -85 135 -90 151 -82
1 21 -131 18 -130 23 -132
4 145 -85 135 -90 151 -82
1 0 -135 0 -133 1 -135
4 145 -85 135 -90 151 -82
1 -21 -132 -22 -132 -21 -132
4 79 -150 64 -153 88 -148
1 -44 -126 -46 -127 -43 -126
4 79 -150 64 -153 88 -148
1 -64 -118 -64 -119 -63 -117
4 21 -169 11 -172 27 -167
1 -81 -105 -83 -106 -80 -104
4 -7 -170 -11 -171 -4 -169
1 -96 -88 -99 -88 -94 -89
4 -7 -170 -11 -171 -4 -169
1 -107 -71 -109 -71 -106 -71
4 -69 -158 -75 -160 -65 -156
1 -116 -53 -117 -53 -116 -54
4 -95 -143 -99 -145 -93 -142
1 -123 -32 -124 -31 -123 -32
4 -95 -143 -99 -145 -93 -142
1 -127 -10 -127 -10 -127 -10
4 -147 -106 -148 -106 -146 -107
1 -125 11 -126 11 -124 11
4 -167 -77 -168 -78 -167 -77
1 -119 32 -120 32 -118 32
4 -178 -46 -181 -48 -176 -45
1 -110 50 -112 50 -108 51
4 -183 -15 -187 -15 -181 -16
1 -116 37 -117 21 -115 46
4 -183 -7 -186 -15 -181 -2
1 -122 16 -120 12 -123 19
4 -183 -7 -186 -15 -181 -2
1 -123 0 -121 -2 -124 1
4 -169 -66 -171 -75 -168 -60
1 -120 -21 -120 -23 -121 -20
4 -155 -88 -159 -93 -152 -85
1 -113 -42 -113 -43 -113 -41
4 -155 -88 -159 -93 -152 -85
1 -103 -61 -103 -62 -104 -61
4 -155 -88 -159 -93 -152 -85
1 -92 -77 -90 -78 -93 -76
4 -155 -88 -159 -93 -152 -85
1 -79 -92 -76 -93 -81 -92
4 -155 -88 -159 -93 -152 -85
1 -62 -104 -60 -104 -63 -105
4 -11 -164 -8 -181 -13 -154
1 -41 -113 -40 -114 -42 -113
4 17 -157 16 -165 17 -151
1 -22 -120 -20 -119 -23 -120
4 45 -147 41 -152 48 -145
1 0 -122 0 -122 -1 -122
4 45 -147 41 -152 48 -145
1 21 -121 23 -122 20 -121
4 45 -147 41 -152 48 -145
1 41 -115 43 -115 40 -116
4 45 -147 41 -152 48 -145
1 61 -107 63 -107 60 -107
4 142 -79 141 -86 143 -74
1 78 -94 80 -95 76 -93
4 155 -49 152 -53 157 -47
1 93 -80 94 -80 92 -81
4 162 -21 159 -23 164 -20
1 106 -63 108 -63 104 -64
4 166 8 156 4 172 10
1 115 -44 117 -45 114 -44
4 168 38 160 35 174 41
1 121 -24 123 -24 120 -23
4 168 38 160 35 174 41
1 124 -4 125 -4 122 -4
4 168 38 160 35 174 41
1 121 16 124 16 119 16
4 144 119 147 109 141 124
1 117 38 117 37 116 38
4 122 146 118 141 124 148
1 110 57 111 57 109 56
4 122 146 118 141 124 148
1 98 75 101 75 96 75
4 67 183 60 179 71 185
1 107 51 110 49 105 53
4 67 183 60 179 71 185
1 114 33 115 30 114 34
4 98 157 101 158 96 156
1 118 15 118 14 118 15
4 98 157 101 158 96 156
1 121 -8 119 -8 122 -7
4 98 157 101 158 96 156
1 119 -32 118 -32 120 -32
4 150 80 137 64 157 90
1 115 -51 113 -52 116 -50
4 150 80 137 64 157 90
1 105 -70 104 -71 106 -69
4 150 80 137 64 157 90
1 94 -86 92 -86 96 -87
4 150 80 137 64 157 90
1 79 -102 78 -103 79 -102
4 150 80 137 64 157 90
1 60 -115 59 -115 60 -114
4 150 80 137 64 157 90
1 42 -125 40 -123 44 -126
4 150 80 137 64 157 90
1 21 -132 19 -132 21 -132
4 116 -115 87 -127 134 -108
1 1 -133 0 -133 2 -133
4 116 -115 87 -127 134 -108
1 -22 -131 -23 -132 -21 -130
4 76 -148 62 -153 85 -144
1 -43 -126 -43 -125 -43 -126
4 51 -158 44 -159 55 -158
